1015428027430
88323797962962
64855397672016
72892932789066
75152018373589
51561411823350
7769776631196
48485227539421
83054660679505
56411157912348
11440198496829
47791035770339
53193044183459
20913464913418
22764690378468
57442104050123
32604823223100
43859102202541
28874573832402
80959727554692
84373208737286
80049976064752
66114438445420
74216865722289
30543794784169
44693706894573
52145550432009
24350473655325
7014429512073
35933041075660
80515387351851
69787796422199
51610047575593
58106574075144
78894108447541
45933828676019
5800823721978
365519859397
6406213723275
41015114753820
10952408719546
97513412171459
40663310396808
75225367308593
47883240696599
85977805725486
33615004183833
13469741175291
7723310072668
58017228547809
99587338757389
52642824641425
53564239015971
44291109945416
60998788513944
17428778307876
22612476013109
55274516362412
18028602489785
36300701687660
21465327101927
1292412595894
82889336548639
99287318181966
22234009603981
71969042536919
75138242864558
3895026314181
2460900279926
77330528499777
91795717186648
8034659899941
42761803377002
84413003310175
57658522244475
12522249679254
50607973322799
44879408337349
16567860493159
17448469825978
44584887196007
6458703878749
56779036670770
72897289628225
59609379242499
92125947469499
90956570329880
83394579739380
63193132548737
88898129162514
98325850779451
63058118876527
93602068620283
72471637068461
39547933242215
12879053819391
12436580311296
56192210839798
54442362419930
11598654190583
17259908550062
94933480372120
34937606243647
20363229683131
54849949266466
49386749226928
42929573587547
97907738405172
64691257780307
3083516553116
72359467172379
33014672197189
5167540813857
47475401742598
30507026880383
7838862461358
84663767397566
62942226280719
81645036137036
521267484932
15175917639527
33074756380333
74874256362656
48746122533098
34717620169076
82223931478890
91679021285177
94649527286630
19666553507715
16530738973116
48712978869395
55029745917112
67597082060294
21242486419905
22072675107371
75885232311348
84683980133701
17328265882357
47232271190502
81005114400908
40596970127605
42808528838668
55519704764465
36939854200368
68375495343446
92322781404813
83888236198336
93674212735813
46699399400239
39813054501346
65524698634481
53824011994057
97962110600785
94856476449538
44771632488580
5723478147969
22652100289403
77360317252476
75971234335372
61069285009103
46653528427382
9164935820287
78936594369072
60503812098273
19060510874416
2484633409092
71361228341591
55403138245245
77333094038984
62214348856763
81783661382091
37025451178857
94850793348742
41939042408821
89416711687224
2578320175722
88958228571982
58518036059353
59500322712353
50703449082900
55374753490899
7699201462907
53555338601290
74152941940597
94455389322457
81719175687584
51997468501097
46810779749357
88923657570654
14067309999842
22144207424068
68589317070683
80836892096811
66490764002564
72263339987874
83656943760102
170092963779
42512924745327
8332711764977
40697842734286
64101285836751
64723766829002
11059431637651
9482794718338
39351227014826
80525027483450
86813105554533
7114931521067
9953808193171
94937874183537
17035294483976
63369253336445
83788577494359
73913514895767
87590386673928
92311529418460
32327720650140
70847486344063
1702272427861
93216828391368
61391710367140
55015596269643
92939020227361
57993486608318
56119975130109
44789146218903
59947290602688
45069245868685
17675142683744
99691105313319
52447410125038
82329381765725
40063194866202
58239285919639
79198105260123
93526866887578
59871978888879
40042726394690
8608755161208
90327336463258
74437086779332
60831419171351
8113016458072
40175631492644
63759360021865
8420385318881
80284348066137
80468204940551
2012121397322
26219269576663
16603959044809
52328099169529
14227493216424
23299112838156
68832743436953
35857549220655
67962031989652
46995259316648
12688049412246
32713306942649
62504074701891
64145697655198
61405428772329
2489550686830
62414559468557
73380082662708
28181477610346
70338018161485
52545973939507
85232808694385
45688704103357
89770362986088
66385316712039
77897997869342
99067946777035
12685707990738
91238730227811
34259378055997
29135606482776
80412632794318
75853895441534
75081709746641
31420762289435
96895723172932
762194385314
83897180009020
52433211877070
12892691601997
60819590086684
74254282120460
30815650462756
33823400517738
26852281619644
36588026367820
11755326609217
30577866184783
44229912348104
48740842336096
76356354725141
90675555757744
51666116446356
18566334254070
25717847332830
64180518801682
19751701582432
17926960519350
23835692956238
34396798655585
56674555109086
39872385113283
70406561389211
81608408760081
41476221366778
56321755009607
74010606564365
68407045192822
68426933979885
44225279748287
88981333011552
50165086176226
61766554580951
14942734131988
66990130697173
61714827012397
49792084592652
8365375819433
37403025306091
76770160388927
43459878195593
20674754283817
34031043435915
2266650590418
6484919239202
17186619975822
50131094972199
13111717810421
34530913303901
82477878896472
59907418880347
94584868880208
16979834402138
26467412819066
20869333174693
56413269613549
85604046231380
72434933139260
88591769463439
9432382121462
18376522632789
49940361242381
20550366684566
60131823049373
38871199225509
50916671488337
99120939974055
29755530176144
29427732768679
92789762295451
53698849328374
68105188276622
95085008837283
34731951080699
76102515622685
334071125794
72349217854485
98026261528304
27737230246765
67570165060045
31373677053775
75730488233941
58107701094618
61256567016996
31666743034947
92035401276808
1182612167722
25967665925990
88051311843543
9535941249107
39886668577431
97382475157873
8441901303981
92105687724926
96357536823013
65158600954775
80340317885693
8023645031550
67123787152697
94916240330028
47177064929729
51199750107294
89422326533930
23138488656412
97990185567855
13342910948902
1402995266330
88889551449901
82254804102703
78319973658711
26276273042477
75549237314090
96025390633776
93660882881310
32050859506119
14514992485807
57388816382050
28230621687889
30243200991580
91002520094673
69466091549252
87867212186754
11873162455761
78621793354722
35560732010566
47271635655925
86978849880981
24095622155819
92274820537797
37630120088787
83953379312034
40392164518430
515837166633
19718020348367
15265858570583
90330252844291
11688622205415
44920680029045
13321215195868
72051083318038
60746865546616
24734549481848
11109885203245
54166420943250
97679441080662
84771889956728
9313651000114
8322746878253
48383160821601
63407386188092
75812728039963
19478734804896
37997256219032
95838161454223
25376903833822
60286091695223
10044706282421
94172581866766
48228407000326
27607471787706
16626997493804
83245063681637
48137167109951
8646425179885
20756483402437
11735475924678
3577729138129
33518078423891
58982048926474
42392370219802
83833994892824
86029491196445
34591551340919
50569598914096
17578524150644
57147388152263
72830203641823
32138448581486
90412213908618
84724951339336
84852253129837
63151990568538
71024898821828
82594451655458
13728282646163
77067849700382
47729862832233
68105867343319
67803227629976
40470755414285
87275998243298
55341184604470
73560309636666
90033307216831
25202865060409
42053468484576
20418062589995
71256834993258
19629615840312
53080932313931
30072346213670
4207107743157
16321719558021
58506556953537
61179203881444
46527763707346
79528817967829
57419371513037
7693096164526
98737755138088
57105587988708
22663743066429
97465241423126
16981987587457
39460696251835
89968250111729
72720837919767
53024159373526
54643275539872
45437757344223
38955569359526
30432091840200
3730697228514
96908271141793
54668839597063
77801668062312
70932725277289
37325194599528
37530379589890
5868550740021
70877681066676
39810161634523
71803313238550
47862664697772
27411358964012
61866296646292
66716344561307
66558963489957
35162424924570
28098926858709
37993506002728
70811512380383
50293711748877
18101625104233
70558097739706
32049869172126
83796274089386
64962082585297
60511522209448
89690475385096
7153754688987
52470567967938
7208072829831
4139213461930
96241963893214
62321926803025
33179211621617
2255822327884
41743177212515
36135999507319
69374361318799
54040044434255
54181391326412
54781474170543
87370425942290
94029097400586
87343673217039
54129566649858
34095818820907
21340562911819
18272178152431
14607832352762
73621972390523
66900690543197
27179876961491
91157594944160
70718326510181
3433161669294
51469137696646
97643438831305
14994816768274
73448441989982
80844844138183
70803730190517
5292249480660
78012816300415
85912518223659
6198154378438
51704881625353
84974204030755
55113119587734
41854394094782
34786259068340
47317185117619
31092239815808
50295712104833
10003971926378
92275859045242
69027316084088
93921746935060
64784160966156
66407504231654
70743999397082
8616467365986
83159851951981
11578996398629
80027650485468
90551414071799
69421872719759
90291781534252
68448551466853
62631837238548
57025648926193
61617929607551
72634191791099
42434107220728
36049375308997
43180462637454
5505343968473
14148540620060
10656368194917
15798328311975
50740227678732
98300115872809
15695648585569
4813311223439
53579580316281
60180918605792
52189010926767
74124934451424
20932395602300
35197482020545
26095505727752
59561468622336
27175033406402
15581273614135
28149670995245
77145526738528
52959875251169
84442266303005
60268452194214
65649054493538
14982969911630
48374262239745
88901116959252
47936140606697
5252210731822
36614744567158
14881893470321
98664394679600
70370142272984
14867138697963
69462453353655
37606651911970
53912493088384
23684204699085
994098677405
71142000517886
33871344858133
50283499078948
76999789714415
69825781048632
35026671993233
99062320116234
15025340260182
28026930408297
37848789942104
59518735006943
87046459847636
5270328283372
52400774844253
28905411253670
56033031392636
66292770903337
93213652528210
20756655957452
50648190426915
1805395078386
75236844317042
67920456883884
84284525756874
62116527812587
10362863426631
30090950959905
45886962571836
85401958069828
84614596270134
33440010227948
4515764710614
60185474272973
90613872842191
12308278105505
67396115931191
99851857766683
16436042243583
15789952996559
81824279097185
13369954076380
47056830688122
48108867121801
97948776868710
12161618675111
28471226412747
4689892429473
28212816373116
11918939002381
5796452357995
46213058596823
99583629911984
61578370748018
71983691463927
64429031270473
85818477380370
27885892084760
28483673219836
450550671849
51658807153803
36488029030028
52709175532219
27242131934989
56409691502259
96487964880899
63232648281765
3114943191710
59313501873289
87379243257600
16219996306068
33112984829814
82743666275999
23791888102316
83674108320656
76103703855604
18079180135284
40599520180994
7983566564251
4380077593405
54707734139871
61869954110316
23906592321540
18459354341104
85356958787233
81565026352023
92357128374230
89230714876708
3772672225262
32228279478680
90743460676822
40912980242035
70101714656304
87501705517697
13665516307445
6582987984929
12151949736385
29451015451227
73209526296597
27660497807591
79709270156846
67690415266075
922122348953
91382965110946
29421894660248
31236980383843
90305677917052
11596072177937
28814846906307
19318728538847
41377149988458
31468888439605
82577935190931
78377934816018
1421046002124
37001370122211
9399113587389
43686045061079
98550420777799
49209575481023
68609738368740
33320700099902
77175830912985
35068332359815
5145087613590
29215093371601
4283939787542
29444866715870
62838347064130
54068508441198
69699074851938
10304558517316
36251872921643
56281211793196
99965527901409
21295555817044
57576161072866
13828051211607
62866837388384
94511427062187
30794438557768
95465155621507
6993759858919
31992308197440
54071945081403
85413741374768
59793410955105
90152626107777
49861925307039
72826970922388
53398441332365
7927956602624
50545561608978
15141526555260
73857003322690
80191390129710
48878741458530
27186656897074
86406420367878
65438559755701
66617306078838
69091748779931
62803042612081
41045708255352
23605201973754
50883001931368
47263284749789
28621987862076
66519310571357
88657710429442
12516382292970
29469595099663
24528319277898
11086057464517
41080843233268
65114470197074
8249665684951
842351468891
29936669360121
24379986362442
25621241391158
21684682910908
12170361582262
16398246566050
51554666298095
68720052653635
27491040831396
63217760527362
47381520932091
52149982483254
35371022318022
51994163813513
19768975808570
40864159089483
26817576028131
86924633683871
2028016042919
26119182656495
26957603761151
78489695886861
17297611856502
62152580139126
81538410834331
77762796607107
13636076344716
79842738508639
41734636230057
621654346034
63775816775231
32425018490243
8510138856487
84387734422951
95412310783033
62187688554196
66494395342149
27201399857958
45852609174131
73888214382737
97344376192893
97689770307654
52990201846184
59371070807055
50512996869878
12277453974457
94559897228066
70363168234805
38577545851953
34939067128935
9712018455313
31578094945027
8028522006959
59325455589993
12645046166408
49975195212307
82437666447495
67530202328481
80349625709911
87455287326797
28718690901118
16464140148239
47022967155371
58571804895681
70620038873844
49956567038299
98673390673694
84991741551726
90668645016890
50446376381654
6835641743211
80300968289436
52155480350136
66590003667609
65757900613488
32047222292063
56163042167896
98734268810032
93726668271576
44199082536180
64659603779700
98359824304469
8362535034991
89141042423575
32655892503004
12637423583726
39783719500111
86845737629771
83645279458473
21779567415194
62371506954134
71420711402278
60051488121338
3807891679102
46263892521824
94601174870996
50307988375449
99004489381398
98211644262024
92872412940761
28517947605214
68890658371292
63791612625078
57609646594583
72230769080815
60976494604741
85658562083507
56450669066321
55752552888384
41078442046233
48291728263633
55008730345135
39466759475922
78434485850399
24081544993954
61596162633881
36816128832354
10224383174122
97862567862727
16476589102516
62189699042906
9291586642414
74803889765333
58298791952734
91221573279425
16248834185783
6890195629366
46851923985648
19425091418595
47571934805497
18646375345949
85198367709926
95180731705200
71090112632224
79912311105287
75980984276416
25689801484611
41336266005003
29674596710275
42404370360926
92270835237653
48622734091196
46155623021702
17059797965475
84133766414030
29185966254148
85186290468950
34474740378229
32699910963175
82284839204027
24948282192484
69932506044438
62000753884093
88247984173056
84092324823035
9868089838569
39939219154389
24343751399432
31026826817618
3121211211416
46883508259158
85043093790530
11377080569069
38565693337761
60542470193684
193024135847
45920473964297
57378588501736
64842391187694
22262659127290
30576724697616
9919685973911
94911104544718
68312058436072
92143982301933
10652341786603
26465698892483
34351655831606
